2024/04/25-13:05:58.390108 7f135b0fbcc0 RocksDB version: 6.17.0
2024/04/25-13:05:58.390393 7f135b0fbcc0 Git sha 0
2024/04/25-13:05:58.390436 7f135b0fbcc0 DB SUMMARY
2024/04/25-13:05:58.390437 7f135b0fbcc0 DB Session ID:  ABZ1ST8VS4Z7J6J22LQL
2024/04/25-13:05:58.390467 7f135b0fbcc0 CURRENT file:  CURRENT
2024/04/25-13:05:58.390467 7f135b0fbcc0 IDENTITY file:  IDENTITY
2024/04/25-13:05:58.390470 7f135b0fbcc0 MANIFEST file:  MANIFEST-000434 size: 7666 Bytes
2024/04/25-13:05:58.390471 7f135b0fbcc0 SST files in /home/fylix/ic-projects/DBank/.dfx/state/replicated_state/node-100/ic_consensus_pool/consensus dir, Total Num: 12, files: 000438.sst 000439.sst 000440.sst 000441.sst 000442.sst 000443.sst 000444.sst 000445.sst 000446.sst 
2024/04/25-13:05:58.390472 7f135b0fbcc0 Write Ahead Log file in /home/fylix/ic-projects/DBank/.dfx/state/replicated_state/node-100/ic_consensus_pool/consensus: 000435.log size: 588422 ; 
2024/04/25-13:05:58.390473 7f135b0fbcc0                         Options.error_if_exists: 0
2024/04/25-13:05:58.390474 7f135b0fbcc0                       Options.create_if_missing: 1
2024/04/25-13:05:58.390475 7f135b0fbcc0                         Options.paranoid_checks: 1
2024/04/25-13:05:58.390475 7f135b0fbcc0                               Options.track_and_verify_wals_in_manifest: 0
2024/04/25-13:05:58.390476 7f135b0fbcc0                                     Options.env: 0x5599bba19380
2024/04/25-13:05:58.390477 7f135b0fbcc0                                      Options.fs: Posix File System
2024/04/25-13:05:58.390477 7f135b0fbcc0                                Options.info_log: 0x5599f5c0d4a0
2024/04/25-13:05:58.390478 7f135b0fbcc0                Options.max_file_opening_threads: 16
2024/04/25-13:05:58.390479 7f135b0fbcc0                              Options.statistics: (nil)
2024/04/25-13:05:58.390480 7f135b0fbcc0                               Options.use_fsync: 1
2024/04/25-13:05:58.390480 7f135b0fbcc0                       Options.max_log_file_size: 0
2024/04/25-13:05:58.390481 7f135b0fbcc0                  Options.max_manifest_file_size: 1073741824
2024/04/25-13:05:58.390481 7f135b0fbcc0                   Options.log_file_time_to_roll: 0
2024/04/25-13:05:58.390482 7f135b0fbcc0                       Options.keep_log_file_num: 1000
2024/04/25-13:05:58.390483 7f135b0fbcc0                    Options.recycle_log_file_num: 0
2024/04/25-13:05:58.390483 7f135b0fbcc0                         Options.allow_fallocate: 1
2024/04/25-13:05:58.390484 7f135b0fbcc0                        Options.allow_mmap_reads: 0
2024/04/25-13:05:58.390485 7f135b0fbcc0                       Options.allow_mmap_writes: 0
2024/04/25-13:05:58.390485 7f135b0fbcc0                        Options.use_direct_reads: 0
2024/04/25-13:05:58.390486 7f135b0fbcc0                        Options.use_direct_io_for_flush_and_compaction: 0
2024/04/25-13:05:58.390487 7f135b0fbcc0          Options.create_missing_column_families: 1
2024/04/25-13:05:58.390487 7f135b0fbcc0                              Options.db_log_dir: 
2024/04/25-13:05:58.390488 7f135b0fbcc0                                 Options.wal_dir: /home/fylix/ic-projects/DBank/.dfx/state/replicated_state/node-100/ic_consensus_pool/consensus
2024/04/25-13:05:58.390488 7f135b0fbcc0                Options.table_cache_numshardbits: 6
2024/04/25-13:05:58.390489 7f135b0fbcc0                         Options.WAL_ttl_seconds: 0
2024/04/25-13:05:58.390490 7f135b0fbcc0                       Options.WAL_size_limit_MB: 0
2024/04/25-13:05:58.390490 7f135b0fbcc0                        Options.max_write_batch_group_size_bytes: 1048576
2024/04/25-13:05:58.390491 7f135b0fbcc0             Options.manifest_preallocation_size: 4194304
2024/04/25-13:05:58.390491 7f135b0fbcc0                     Options.is_fd_close_on_exec: 1
2024/04/25-13:05:58.390492 7f135b0fbcc0                   Options.advise_random_on_open: 1
2024/04/25-13:05:58.390492 7f135b0fbcc0                    Options.db_write_buffer_size: 0
2024/04/25-13:05:58.390493 7f135b0fbcc0                    Options.write_buffer_manager: 0x5599f5c0da10
2024/04/25-13:05:58.390494 7f135b0fbcc0         Options.access_hint_on_compaction_start: 1
2024/04/25-13:05:58.390501 7f135b0fbcc0  Options.new_table_reader_for_compaction_inputs: 0
2024/04/25-13:05:58.390502 7f135b0fbcc0           Options.random_access_max_buffer_size: 1048576
2024/04/25-13:05:58.390502 7f135b0fbcc0                      Options.use_adaptive_mutex: 0
2024/04/25-13:05:58.390503 7f135b0fbcc0                            Options.rate_limiter: (nil)
2024/04/25-13:05:58.390504 7f135b0fbcc0     Options.sst_file_manager.rate_bytes_per_sec: 0
2024/04/25-13:05:58.390504 7f135b0fbcc0                       Options.wal_recovery_mode: 2
2024/04/25-13:05:58.390505 7f135b0fbcc0                  Options.enable_thread_tracking: 0
2024/04/25-13:05:58.390506 7f135b0fbcc0                  Options.enable_pipelined_write: 0
2024/04/25-13:05:58.390506 7f135b0fbcc0                  Options.unordered_write: 0
2024/04/25-13:05:58.390507 7f135b0fbcc0         Options.allow_concurrent_memtable_write: 1
2024/04/25-13:05:58.390507 7f135b0fbcc0      Options.enable_write_thread_adaptive_yield: 1
2024/04/25-13:05:58.390508 7f135b0fbcc0             Options.write_thread_max_yield_usec: 100
2024/04/25-13:05:58.390508 7f135b0fbcc0            Options.write_thread_slow_yield_usec: 3
2024/04/25-13:05:58.390509 7f135b0fbcc0                               Options.row_cache: None
2024/04/25-13:05:58.390510 7f135b0fbcc0                              Options.wal_filter: None
2024/04/25-13:05:58.390510 7f135b0fbcc0             Options.avoid_flush_during_recovery: 0
2024/04/25-13:05:58.390511 7f135b0fbcc0             Options.allow_ingest_behind: 0
2024/04/25-13:05:58.390512 7f135b0fbcc0             Options.preserve_deletes: 0
2024/04/25-13:05:58.390512 7f135b0fbcc0             Options.two_write_queues: 0
2024/04/25-13:05:58.390513 7f135b0fbcc0             Options.manual_wal_flush: 0
2024/04/25-13:05:58.390513 7f135b0fbcc0             Options.atomic_flush: 0
2024/04/25-13:05:58.390514 7f135b0fbcc0             Options.avoid_unnecessary_blocking_io: 0
2024/04/25-13:05:58.390514 7f135b0fbcc0                 Options.persist_stats_to_disk: 0
2024/04/25-13:05:58.390515 7f135b0fbcc0                 Options.write_dbid_to_manifest: 0
2024/04/25-13:05:58.390516 7f135b0fbcc0                 Options.log_readahead_size: 0
2024/04/25-13:05:58.390516 7f135b0fbcc0                 Options.file_checksum_gen_factory: Unknown
2024/04/25-13:05:58.390517 7f135b0fbcc0                 Options.best_efforts_recovery: 0
2024/04/25-13:05:58.390517 7f135b0fbcc0                Options.max_bgerror_resume_count: 2147483647
2024/04/25-13:05:58.390518 7f135b0fbcc0            Options.bgerror_resume_retry_interval: 1000000
2024/04/25-13:05:58.390519 7f135b0fbcc0             Options.allow_data_in_errors: 0
2024/04/25-13:05:58.390519 7f135b0fbcc0             Options.db_host_id: __hostname__
2024/04/25-13:05:58.390520 7f135b0fbcc0             Options.max_background_jobs: 2
2024/04/25-13:05:58.390520 7f135b0fbcc0             Options.max_background_compactions: -1
2024/04/25-13:05:58.390521 7f135b0fbcc0             Options.max_subcompactions: 1
2024/04/25-13:05:58.390521 7f135b0fbcc0             Options.avoid_flush_during_shutdown: 0
2024/04/25-13:05:58.390522 7f135b0fbcc0           Options.writable_file_max_buffer_size: 1048576
2024/04/25-13:05:58.390523 7f135b0fbcc0             Options.delayed_write_rate : 16777216
2024/04/25-13:05:58.390523 7f135b0fbcc0             Options.max_total_wal_size: 0
2024/04/25-13:05:58.390524 7f135b0fbcc0             Options.delete_obsolete_files_period_micros: 21600000000
2024/04/25-13:05:58.390524 7f135b0fbcc0                   Options.stats_dump_period_sec: 600
2024/04/25-13:05:58.390525 7f135b0fbcc0                 Options.stats_persist_period_sec: 600
2024/04/25-13:05:58.390526 7f135b0fbcc0                 Options.stats_history_buffer_size: 1048576
2024/04/25-13:05:58.390526 7f135b0fbcc0                          Options.max_open_files: -1
2024/04/25-13:05:58.390527 7f135b0fbcc0                          Options.bytes_per_sync: 0
2024/04/25-13:05:58.390528 7f135b0fbcc0                      Options.wal_bytes_per_sync: 0
2024/04/25-13:05:58.390528 7f135b0fbcc0                   Options.strict_bytes_per_sync: 0
2024/04/25-13:05:58.390533 7f135b0fbcc0       Options.compaction_readahead_size: 0
2024/04/25-13:05:58.390533 7f135b0fbcc0                  Options.max_background_flushes: -1
2024/04/25-13:05:58.390534 7f135b0fbcc0 Compression algorithms supported:
2024/04/25-13:05:58.390535 7f135b0fbcc0 	kZSTDNotFinalCompression supported: 1
2024/04/25-13:05:58.390538 7f135b0fbcc0 	kZSTD supported: 1
2024/04/25-13:05:58.390539 7f135b0fbcc0 	kXpressCompression supported: 0
2024/04/25-13:05:58.390540 7f135b0fbcc0 	kLZ4HCCompression supported: 1
2024/04/25-13:05:58.390540 7f135b0fbcc0 	kLZ4Compression supported: 1
2024/04/25-13:05:58.390541 7f135b0fbcc0 	kBZip2Compression supported: 1
2024/04/25-13:05:58.390542 7f135b0fbcc0 	kZlibCompression supported: 1
2024/04/25-13:05:58.390542 7f135b0fbcc0 	kSnappyCompression supported: 1
2024/04/25-13:05:58.390548 7f135b0fbcc0 Fast CRC32 supported: Supported on x86
2024/04/25-13:05:58.391542 7f135b0fbcc0 [db/version_set.cc:4758] Recovering from manifest file: /home/fylix/ic-projects/DBank/.dfx/state/replicated_state/node-100/ic_consensus_pool/consensus/MANIFEST-000434
2024/04/25-13:05:58.392057 7f135b0fbcc0 [db/column_family.cc:595] --------------- Options for column family [default]:
2024/04/25-13:05:58.392061 7f135b0fbcc0               Options.comparator: leveldb.BytewiseComparator
2024/04/25-13:05:58.392062 7f135b0fbcc0           Options.merge_operator: None
2024/04/25-13:05:58.392063 7f135b0fbcc0        Options.compaction_filter: None
2024/04/25-13:05:58.392064 7f135b0fbcc0        Options.compaction_filter_factory: None
2024/04/25-13:05:58.392064 7f135b0fbcc0  Options.sst_partitioner_factory: None
2024/04/25-13:05:58.392065 7f135b0fbcc0         Options.memtable_factory: SkipListFactory
2024/04/25-13:05:58.392066 7f135b0fbcc0            Options.table_factory: BlockBasedTable
2024/04/25-13:05:58.392116 7f135b0fbcc0            table_factory options:   flush_block_policy_factory: FlushBlockBySizePolicyFactory (0x5599f5c09660)
  cache_index_and_filter_blocks: 0
  cache_index_and_filter_blocks_with_high_priority: 1
  pin_l0_filter_and_index_blocks_in_cache: 0
  pin_top_level_index_and_filter: 1
  index_type: 0
  data_block_index_type: 0
  index_shortening: 1
  data_block_hash_table_util_ratio: 0.750000
  hash_index_allow_collision: 1
  checksum: 1
  no_block_cache: 0
  block_cache: 0x5599f5c096b0
  block_cache_name: LRUCache
  block_cache_options:
    capacity : 8388608
    num_shard_bits : 4
    strict_capacity_limit : 0
    memory_allocator : None
    high_pri_pool_ratio: 0.000
  block_cache_compressed: (nil)
  persistent_cache: (nil)
  block_size: 4096
  block_size_deviation: 10
  block_restart_interval: 16
  index_block_restart_interval: 1
  metadata_block_size: 4096
  partition_filters: 0
  use_delta_encoding: 1
  filter_policy: nullptr
  whole_key_filtering: 1
  verify_compression: 0
  read_amp_bytes_per_bit: 0
  format_version: 4
  enable_index_compression: 1
  block_align: 0
2024/04/25-13:05:58.392119 7f135b0fbcc0        Options.write_buffer_size: 67108864
2024/04/25-13:05:58.392120 7f135b0fbcc0  Options.max_write_buffer_number: 2
2024/04/25-13:05:58.392121 7f135b0fbcc0          Options.compression: Snappy
2024/04/25-13:05:58.392121 7f135b0fbcc0                  Options.bottommost_compression: Disabled
2024/04/25-13:05:58.392122 7f135b0fbcc0       Options.prefix_extractor: nullptr
2024/04/25-13:05:58.392123 7f135b0fbcc0   Options.memtable_insert_with_hint_prefix_extractor: nullptr
2024/04/25-13:05:58.392124 7f135b0fbcc0             Options.num_levels: 7
2024/04/25-13:05:58.392124 7f135b0fbcc0        Options.min_write_buffer_number_to_merge: 1
2024/04/25-13:05:58.392125 7f135b0fbcc0     Options.max_write_buffer_number_to_maintain: 0
2024/04/25-13:05:58.392126 7f135b0fbcc0     Options.max_write_buffer_size_to_maintain: 0
2024/04/25-13:05:58.392126 7f135b0fbcc0            Options.bottommost_compression_opts.window_bits: -14
2024/04/25-13:05:58.392127 7f135b0fbcc0                  Options.bottommost_compression_opts.level: 32767
2024/04/25-13:05:58.392128 7f135b0fbcc0               Options.bottommost_compression_opts.strategy: 0
2024/04/25-13:05:58.392204 7f135b0fbcc0         Options.bottommost_compression_opts.max_dict_bytes: 0
2024/04/25-13:05:58.392206 7f135b0fbcc0         Options.bottommost_compression_opts.zstd_max_train_bytes: 0
2024/04/25-13:05:58.392207 7f135b0fbcc0         Options.bottommost_compression_opts.parallel_threads: 1
2024/04/25-13:05:58.392207 7f135b0fbcc0                  Options.bottommost_compression_opts.enabled: false
2024/04/25-13:05:58.392208 7f135b0fbcc0            Options.compression_opts.window_bits: -14
2024/04/25-13:05:58.392209 7f135b0fbcc0                  Options.compression_opts.level: 32767
2024/04/25-13:05:58.392209 7f135b0fbcc0               Options.compression_opts.strategy: 0
2024/04/25-13:05:58.392210 7f135b0fbcc0         Options.compression_opts.max_dict_bytes: 0
2024/04/25-13:05:58.392211 7f135b0fbcc0         Options.compression_opts.zstd_max_train_bytes: 0
2024/04/25-13:05:58.392211 7f135b0fbcc0         Options.compression_opts.parallel_threads: 1
2024/04/25-13:05:58.392212 7f135b0fbcc0                  Options.compression_opts.enabled: false
2024/04/25-13:05:58.392213 7f135b0fbcc0      Options.level0_file_num_compaction_trigger: 4
2024/04/25-13:05:58.392213 7f135b0fbcc0          Options.level0_slowdown_writes_trigger: 20
2024/04/25-13:05:58.392214 7f135b0fbcc0              Options.level0_stop_writes_trigger: 36
2024/04/25-13:05:58.392214 7f135b0fbcc0                   Options.target_file_size_base: 67108864
2024/04/25-13:05:58.392215 7f135b0fbcc0             Options.target_file_size_multiplier: 1
2024/04/25-13:05:58.392216 7f135b0fbcc0                Options.max_bytes_for_level_base: 268435456
2024/04/25-13:05:58.392216 7f135b0fbcc0 Options.level_compaction_dynamic_level_bytes: 0
2024/04/25-13:05:58.392217 7f135b0fbcc0          Options.max_bytes_for_level_multiplier: 10.000000
2024/04/25-13:05:58.392219 7f135b0fbcc0 Options.max_bytes_for_level_multiplier_addtl[0]: 1
2024/04/25-13:05:58.392219 7f135b0fbcc0 Options.max_bytes_for_level_multiplier_addtl[1]: 1
2024/04/25-13:05:58.392220 7f135b0fbcc0 Options.max_bytes_for_level_multiplier_addtl[2]: 1
2024/04/25-13:05:58.392220 7f135b0fbcc0 Options.max_bytes_for_level_multiplier_addtl[3]: 1
2024/04/25-13:05:58.392221 7f135b0fbcc0 Options.max_bytes_for_level_multiplier_addtl[4]: 1
2024/04/25-13:05:58.392222 7f135b0fbcc0 Options.max_bytes_for_level_multiplier_addtl[5]: 1
2024/04/25-13:05:58.392222 7f135b0fbcc0 Options.max_bytes_for_level_multiplier_addtl[6]: 1
2024/04/25-13:05:58.392223 7f135b0fbcc0       Options.max_sequential_skip_in_iterations: 8
2024/04/25-13:05:58.392223 7f135b0fbcc0                    Options.max_compaction_bytes: 1677721600
2024/04/25-13:05:58.392224 7f135b0fbcc0                        Options.arena_block_size: 8388608
2024/04/25-13:05:58.392225 7f135b0fbcc0   Options.soft_pending_compaction_bytes_limit: 68719476736
2024/04/25-13:05:58.392225 7f135b0fbcc0   Options.hard_pending_compaction_bytes_limit: 274877906944
2024/04/25-13:05:58.392226 7f135b0fbcc0       Options.rate_limit_delay_max_milliseconds: 100
2024/04/25-13:05:58.392226 7f135b0fbcc0                Options.disable_auto_compactions: 0
2024/04/25-13:05:58.392228 7f135b0fbcc0                        Options.compaction_style: kCompactionStyleLevel
2024/04/25-13:05:58.392230 7f135b0fbcc0                          Options.compaction_pri: kMinOverlappingRatio
2024/04/25-13:05:58.392231 7f135b0fbcc0 Options.compaction_options_universal.size_ratio: 1
2024/04/25-13:05:58.392231 7f135b0fbcc0 Options.compaction_options_universal.min_merge_width: 2
2024/04/25-13:05:58.392232 7f135b0fbcc0 Options.compaction_options_universal.max_merge_width: 4294967295
2024/04/25-13:05:58.392232 7f135b0fbcc0 Options.compaction_options_universal.max_size_amplification_percent: 200
2024/04/25-13:05:58.392233 7f135b0fbcc0 Options.compaction_options_universal.compression_size_percent: -1
2024/04/25-13:05:58.392234 7f135b0fbcc0 Options.compaction_options_universal.stop_style: kCompactionStopStyleTotalSize
2024/04/25-13:05:58.392234 7f135b0fbcc0 Options.compaction_options_fifo.max_table_files_size: 1073741824
2024/04/25-13:05:58.392245 7f135b0fbcc0 Options.compaction_options_fifo.allow_compaction: 0
2024/04/25-13:05:58.392250 7f135b0fbcc0                   Options.table_properties_collectors: 
2024/04/25-13:05:58.392251 7f135b0fbcc0                   Options.inplace_update_support: 0
2024/04/25-13:05:58.392252 7f135b0fbcc0                 Options.inplace_update_num_locks: 10000
2024/04/25-13:05:58.392252 7f135b0fbcc0               Options.memtable_prefix_bloom_size_ratio: 0.000000
2024/04/25-13:05:58.392253 7f135b0fbcc0               Options.memtable_whole_key_filtering: 0
2024/04/25-13:05:58.392254 7f135b0fbcc0   Options.memtable_huge_page_size: 0
2024/04/25-13:05:58.392254 7f135b0fbcc0                           Options.bloom_locality: 0
2024/04/25-13:05:58.392255 7f135b0fbcc0                    Options.max_successive_merges: 0
2024/04/25-13:05:58.392255 7f135b0fbcc0                Options.optimize_filters_for_hits: 0
2024/04/25-13:05:58.392256 7f135b0fbcc0                Options.paranoid_file_checks: 0
2024/04/25-13:05:58.392257 7f135b0fbcc0                Options.force_consistency_checks: 1
2024/04/25-13:05:58.392257 7f135b0fbcc0                Options.report_bg_io_stats: 0
2024/04/25-13:05:58.392258 7f135b0fbcc0                               Options.ttl: 2592000
2024/04/25-13:05:58.392258 7f135b0fbcc0          Options.periodic_compaction_seconds: 0
2024/04/25-13:05:58.392259 7f135b0fbcc0                    Options.enable_blob_files: false
2024/04/25-13:05:58.392259 7f135b0fbcc0                        Options.min_blob_size: 0
2024/04/25-13:05:58.392260 7f135b0fbcc0                       Options.blob_file_size: 268435456
2024/04/25-13:05:58.392261 7f135b0fbcc0                Options.blob_compression_type: NoCompression
2024/04/25-13:05:58.392261 7f135b0fbcc0       Options.enable_blob_garbage_collection: false
2024/04/25-13:05:58.392262 7f135b0fbcc0   Options.blob_garbage_collection_age_cutoff: 0.250000
2024/04/25-13:05:58.392386 7f135b0fbcc0 [db/column_family.cc:595] --------------- Options for column family [RB]:
2024/04/25-13:05:58.392389 7f135b0fbcc0               Options.comparator: leveldb.BytewiseComparator
2024/04/25-13:05:58.392390 7f135b0fbcc0           Options.merge_operator: None
2024/04/25-13:05:58.392392 7f135b0fbcc0        Options.compaction_filter: filter_outdated
2024/04/25-13:05:58.392393 7f135b0fbcc0        Options.compaction_filter_factory: None
2024/04/25-13:05:58.392393 7f135b0fbcc0  Options.sst_partitioner_factory: None
2024/04/25-13:05:58.392394 7f135b0fbcc0         Options.memtable_factory: SkipListFactory
2024/04/25-13:05:58.392394 7f135b0fbcc0            Options.table_factory: BlockBasedTable
2024/04/25-13:05:58.392410 7f135b0fbcc0            table_factory options:   flush_block_policy_factory: FlushBlockBySizePolicyFactory (0x5599f5bef860)
  cache_index_and_filter_blocks: 0
  cache_index_and_filter_blocks_with_high_priority: 1
  pin_l0_filter_and_index_blocks_in_cache: 0
  pin_top_level_index_and_filter: 1
  index_type: 0
  data_block_index_type: 0
  index_shortening: 1
  data_block_hash_table_util_ratio: 0.750000
  hash_index_allow_collision: 1
  checksum: 1
  no_block_cache: 0
  block_cache: 0x5599f5bef8b0
  block_cache_name: LRUCache
  block_cache_options:
    capacity : 8388608
    num_shard_bits : 4
    strict_capacity_limit : 0
    memory_allocator : None
    high_pri_pool_ratio: 0.000
  block_cache_compressed: (nil)
  persistent_cache: (nil)
  block_size: 4096
  block_size_deviation: 10
  block_restart_interval: 16
  index_block_restart_interval: 1
  metadata_block_size: 4096
  partition_filters: 0
  use_delta_encoding: 1
  filter_policy: nullptr
  whole_key_filtering: 1
  verify_compression: 0
  read_amp_bytes_per_bit: 0
  format_version: 4
  enable_index_compression: 1
  block_align: 0
2024/04/25-13:05:58.392414 7f135b0fbcc0        Options.write_buffer_size: 67108864
2024/04/25-13:05:58.392415 7f135b0fbcc0  Options.max_write_buffer_number: 2
2024/04/25-13:05:58.392416 7f135b0fbcc0          Options.compression: NoCompression
2024/04/25-13:05:58.392426 7f135b0fbcc0                  Options.bottommost_compression: Disabled
2024/04/25-13:05:58.392427 7f135b0fbcc0       Options.prefix_extractor: nullptr
2024/04/25-13:05:58.392428 7f135b0fbcc0   Options.memtable_insert_with_hint_prefix_extractor: nullptr
2024/04/25-13:05:58.392428 7f135b0fbcc0             Options.num_levels: 7
2024/04/25-13:05:58.392429 7f135b0fbcc0        Options.min_write_buffer_number_to_merge: 1
2024/04/25-13:05:58.392429 7f135b0fbcc0     Options.max_write_buffer_number_to_maintain: 0
2024/04/25-13:05:58.392430 7f135b0fbcc0     Options.max_write_buffer_size_to_maintain: 0
2024/04/25-13:05:58.392431 7f135b0fbcc0            Options.bottommost_compression_opts.window_bits: -14
2024/04/25-13:05:58.392431 7f135b0fbcc0                  Options.bottommost_compression_opts.level: 32767
2024/04/25-13:05:58.392432 7f135b0fbcc0               Options.bottommost_compression_opts.strategy: 0
2024/04/25-13:05:58.392432 7f135b0fbcc0         Options.bottommost_compression_opts.max_dict_bytes: 0
2024/04/25-13:05:58.392433 7f135b0fbcc0         Options.bottommost_compression_opts.zstd_max_train_bytes: 0
2024/04/25-13:05:58.392434 7f135b0fbcc0         Options.bottommost_compression_opts.parallel_threads: 1
2024/04/25-13:05:58.392434 7f135b0fbcc0                  Options.bottommost_compression_opts.enabled: false
2024/04/25-13:05:58.392435 7f135b0fbcc0            Options.compression_opts.window_bits: -14
2024/04/25-13:05:58.392435 7f135b0fbcc0                  Options.compression_opts.level: 32767
2024/04/25-13:05:58.392436 7f135b0fbcc0               Options.compression_opts.strategy: 0
2024/04/25-13:05:58.392437 7f135b0fbcc0         Options.compression_opts.max_dict_bytes: 0
2024/04/25-13:05:58.392437 7f135b0fbcc0         Options.compression_opts.zstd_max_train_bytes: 0
2024/04/25-13:05:58.392438 7f135b0fbcc0         Options.compression_opts.parallel_threads: 1
2024/04/25-13:05:58.392438 7f135b0fbcc0                  Options.compression_opts.enabled: false
2024/04/25-13:05:58.392439 7f135b0fbcc0      Options.level0_file_num_compaction_trigger: 4
2024/04/25-13:05:58.392439 7f135b0fbcc0          Options.level0_slowdown_writes_trigger: 20
2024/04/25-13:05:58.392440 7f135b0fbcc0              Options.level0_stop_writes_trigger: 36
2024/04/25-13:05:58.392441 7f135b0fbcc0                   Options.target_file_size_base: 67108864
2024/04/25-13:05:58.392441 7f135b0fbcc0             Options.target_file_size_multiplier: 1
2024/04/25-13:05:58.392442 7f135b0fbcc0                Options.max_bytes_for_level_base: 268435456
2024/04/25-13:05:58.392442 7f135b0fbcc0 Options.level_compaction_dynamic_level_bytes: 0
2024/04/25-13:05:58.392443 7f135b0fbcc0          Options.max_bytes_for_level_multiplier: 10.000000
2024/04/25-13:05:58.392444 7f135b0fbcc0 Options.max_bytes_for_level_multiplier_addtl[0]: 1
2024/04/25-13:05:58.392445 7f135b0fbcc0 Options.max_bytes_for_level_multiplier_addtl[1]: 1
2024/04/25-13:05:58.392445 7f135b0fbcc0 Options.max_bytes_for_level_multiplier_addtl[2]: 1
2024/04/25-13:05:58.392446 7f135b0fbcc0 Options.max_bytes_for_level_multiplier_addtl[3]: 1
2024/04/25-13:05:58.392446 7f135b0fbcc0 Options.max_bytes_for_level_multiplier_addtl[4]: 1
2024/04/25-13:05:58.392447 7f135b0fbcc0 Options.max_bytes_for_level_multiplier_addtl[5]: 1
2024/04/25-13:05:58.392448 7f135b0fbcc0 Options.max_bytes_for_level_multiplier_addtl[6]: 1
2024/04/25-13:05:58.392448 7f135b0fbcc0       Options.max_sequential_skip_in_iterations: 8
2024/04/25-13:05:58.392449 7f135b0fbcc0                    Options.max_compaction_bytes: 1677721600
2024/04/25-13:05:58.392449 7f135b0fbcc0                        Options.arena_block_size: 8388608
2024/04/25-13:05:58.392450 7f135b0fbcc0   Options.soft_pending_compaction_bytes_limit: 68719476736
2024/04/25-13:05:58.392450 7f135b0fbcc0   Options.hard_pending_compaction_bytes_limit: 274877906944
2024/04/25-13:05:58.392451 7f135b0fbcc0       Options.rate_limit_delay_max_milliseconds: 100
2024/04/25-13:05:58.392452 7f135b0fbcc0                Options.disable_auto_compactions: 1
2024/04/25-13:05:58.392458 7f135b0fbcc0                        Options.compaction_style: kCompactionStyleLevel
2024/04/25-13:05:58.392459 7f135b0fbcc0                          Options.compaction_pri: kMinOverlappingRatio
2024/04/25-13:05:58.392459 7f135b0fbcc0 Options.compaction_options_universal.size_ratio: 1
2024/04/25-13:05:58.392460 7f135b0fbcc0 Options.compaction_options_universal.min_merge_width: 2
2024/04/25-13:05:58.392460 7f135b0fbcc0 Options.compaction_options_universal.max_merge_width: 4294967295
2024/04/25-13:05:58.392461 7f135b0fbcc0 Options.compaction_options_universal.max_size_amplification_percent: 200
2024/04/25-13:05:58.392461 7f135b0fbcc0 Options.compaction_options_universal.compression_size_percent: -1
2024/04/25-13:05:58.392462 7f135b0fbcc0 Options.compaction_options_universal.stop_style: kCompactionStopStyleTotalSize
2024/04/25-13:05:58.392463 7f135b0fbcc0 Options.compaction_options_fifo.max_table_files_size: 1073741824
2024/04/25-13:05:58.392463 7f135b0fbcc0 Options.compaction_options_fifo.allow_compaction: 0
2024/04/25-13:05:58.392465 7f135b0fbcc0                   Options.table_properties_collectors: 
2024/04/25-13:05:58.392465 7f135b0fbcc0                   Options.inplace_update_support: 0
2024/04/25-13:05:58.392466 7f135b0fbcc0                 Options.inplace_update_num_locks: 10000
2024/04/25-13:05:58.392466 7f135b0fbcc0               Options.memtable_prefix_bloom_size_ratio: 0.000000
2024/04/25-13:05:58.392467 7f135b0fbcc0               Options.memtable_whole_key_filtering: 0
2024/04/25-13:05:58.392468 7f135b0fbcc0   Options.memtable_huge_page_size: 0
2024/04/25-13:05:58.392468 7f135b0fbcc0                           Options.bloom_locality: 0
2024/04/25-13:05:58.392469 7f135b0fbcc0                    Options.max_successive_merges: 0
2024/04/25-13:05:58.392469 7f135b0fbcc0                Options.optimize_filters_for_hits: 0
2024/04/25-13:05:58.392470 7f135b0fbcc0                Options.paranoid_file_checks: 0
2024/04/25-13:05:58.392471 7f135b0fbcc0                Options.force_consistency_checks: 1
2024/04/25-13:05:58.392471 7f135b0fbcc0                Options.report_bg_io_stats: 0
2024/04/25-13:05:58.392472 7f135b0fbcc0                               Options.ttl: 2592000
2024/04/25-13:05:58.392472 7f135b0fbcc0          Options.periodic_compaction_seconds: 2592000
2024/04/25-13:05:58.392473 7f135b0fbcc0                    Options.enable_blob_files: false
2024/04/25-13:05:58.392473 7f135b0fbcc0                        Options.min_blob_size: 0
2024/04/25-13:05:58.392474 7f135b0fbcc0                       Options.blob_file_size: 268435456
2024/04/25-13:05:58.392475 7f135b0fbcc0                Options.blob_compression_type: NoCompression
2024/04/25-13:05:58.392475 7f135b0fbcc0       Options.enable_blob_garbage_collection: false
2024/04/25-13:05:58.392476 7f135b0fbcc0   Options.blob_garbage_collection_age_cutoff: 0.250000
2024/04/25-13:05:58.392517 7f135b0fbcc0 [db/column_family.cc:595] --------------- Options for column family [FZ]:
2024/04/25-13:05:58.392519 7f135b0fbcc0               Options.comparator: leveldb.BytewiseComparator
2024/04/25-13:05:58.392520 7f135b0fbcc0           Options.merge_operator: None
2024/04/25-13:05:58.392521 7f135b0fbcc0        Options.compaction_filter: filter_outdated
2024/04/25-13:05:58.392522 7f135b0fbcc0        Options.compaction_filter_factory: None
2024/04/25-13:05:58.392522 7f135b0fbcc0  Options.sst_partitioner_factory: None
2024/04/25-13:05:58.392523 7f135b0fbcc0         Options.memtable_factory: SkipListFactory
2024/04/25-13:05:58.392524 7f135b0fbcc0            Options.table_factory: BlockBasedTable
2024/04/25-13:05:58.392539 7f135b0fbcc0            table_factory options:   flush_block_policy_factory: FlushBlockBySizePolicyFactory (0x5599f5bf1b10)
  cache_index_and_filter_blocks: 0
  cache_index_and_filter_blocks_with_high_priority: 1
  pin_l0_filter_and_index_blocks_in_cache: 0
  pin_top_level_index_and_filter: 1
  index_type: 0
  data_block_index_type: 0
  index_shortening: 1
  data_block_hash_table_util_ratio: 0.750000
  hash_index_allow_collision: 1
  checksum: 1
  no_block_cache: 0
  block_cache: 0x5599f5bf1b60
  block_cache_name: LRUCache
  block_cache_options:
    capacity : 8388608
    num_shard_bits : 4
    strict_capacity_limit : 0
    memory_allocator : None
    high_pri_pool_ratio: 0.000
  block_cache_compressed: (nil)
  persistent_cache: (nil)
  block_size: 4096
  block_size_deviation: 10
  block_restart_interval: 16
  index_block_restart_interval: 1
  metadata_block_size: 4096
  partition_filters: 0
  use_delta_encoding: 1
  filter_policy: nullptr
  whole_key_filtering: 1
  verify_compression: 0
  read_amp_bytes_per_bit: 0
  format_version: 4
  enable_index_compression: 1
  block_align: 0
2024/04/25-13:05:58.392548 7f135b0fbcc0        Options.write_buffer_size: 67108864
2024/04/25-13:05:58.392549 7f135b0fbcc0  Options.max_write_buffer_number: 2
2024/04/25-13:05:58.392549 7f135b0fbcc0          Options.compression: NoCompression
2024/04/25-13:05:58.392550 7f135b0fbcc0                  Options.bottommost_compression: Disabled
2024/04/25-13:05:58.392550 7f135b0fbcc0       Options.prefix_extractor: nullptr
2024/04/25-13:05:58.392551 7f135b0fbcc0   Options.memtable_insert_with_hint_prefix_extractor: nullptr
2024/04/25-13:05:58.392552 7f135b0fbcc0             Options.num_levels: 7
2024/04/25-13:05:58.392552 7f135b0fbcc0        Options.min_write_buffer_number_to_merge: 1
2024/04/25-13:05:58.392553 7f135b0fbcc0     Options.max_write_buffer_number_to_maintain: 0
2024/04/25-13:05:58.392554 7f135b0fbcc0     Options.max_write_buffer_size_to_maintain: 0
2024/04/25-13:05:58.392554 7f135b0fbcc0            Options.bottommost_compression_opts.window_bits: -14
2024/04/25-13:05:58.392555 7f135b0fbcc0                  Options.bottommost_compression_opts.level: 32767
2024/04/25-13:05:58.392555 7f135b0fbcc0               Options.bottommost_compression_opts.strategy: 0
2024/04/25-13:05:58.392556 7f135b0fbcc0         Options.bottommost_compression_opts.max_dict_bytes: 0
2024/04/25-13:05:58.392556 7f135b0fbcc0         Options.bottommost_compression_opts.zstd_max_train_bytes: 0
2024/04/25-13:05:58.392557 7f135b0fbcc0         Options.bottommost_compression_opts.parallel_threads: 1
2024/04/25-13:05:58.392558 7f135b0fbcc0                  Options.bottommost_compression_opts.enabled: false
2024/04/25-13:05:58.392558 7f135b0fbcc0            Options.compression_opts.window_bits: -14
2024/04/25-13:05:58.392559 7f135b0fbcc0                  Options.compression_opts.level: 32767
2024/04/25-13:05:58.392559 7f135b0fbcc0               Options.compression_opts.strategy: 0
2024/04/25-13:05:58.392560 7f135b0fbcc0         Options.compression_opts.max_dict_bytes: 0
2024/04/25-13:05:58.392560 7f135b0fbcc0         Options.compression_opts.zstd_max_train_bytes: 0
2024/04/25-13:05:58.392561 7f135b0fbcc0         Options.compression_opts.parallel_threads: 1
2024/04/25-13:05:58.392561 7f135b0fbcc0                  Options.compression_opts.enabled: false
2024/04/25-13:05:58.392562 7f135b0fbcc0      Options.level0_file_num_compaction_trigger: 4
2024/04/25-13:05:58.392563 7f135b0fbcc0          Options.level0_slowdown_writes_trigger: 20
2024/04/25-13:05:58.392563 7f135b0fbcc0              Options.level0_stop_writes_trigger: 36
2024/04/25-13:05:58.392564 7f135b0fbcc0                   Options.target_file_size_base: 67108864
2024/04/25-13:05:58.392564 7f135b0fbcc0             Options.target_file_size_multiplier: 1
2024/04/25-13:05:58.392565 7f135b0fbcc0                Options.max_bytes_for_level_base: 268435456
2024/04/25-13:05:58.392565 7f135b0fbcc0 Options.level_compaction_dynamic_level_bytes: 0
2024/04/25-13:05:58.392566 7f135b0fbcc0          Options.max_bytes_for_level_multiplier: 10.000000
2024/04/25-13:05:58.392567 7f135b0fbcc0 Options.max_bytes_for_level_multiplier_addtl[0]: 1
2024/04/25-13:05:58.392568 7f135b0fbcc0 Options.max_bytes_for_level_multiplier_addtl[1]: 1
2024/04/25-13:05:58.392568 7f135b0fbcc0 Options.max_bytes_for_level_multiplier_addtl[2]: 1
2024/04/25-13:05:58.392569 7f135b0fbcc0 Options.max_bytes_for_level_multiplier_addtl[3]: 1
2024/04/25-13:05:58.392569 7f135b0fbcc0 Options.max_bytes_for_level_multiplier_addtl[4]: 1
2024/04/25-13:05:58.392574 7f135b0fbcc0 Options.max_bytes_for_level_multiplier_addtl[5]: 1
2024/04/25-13:05:58.392575 7f135b0fbcc0 Options.max_bytes_for_level_multiplier_addtl[6]: 1
2024/04/25-13:05:58.392575 7f135b0fbcc0       Options.max_sequential_skip_in_iterations: 8
2024/04/25-13:05:58.392576 7f135b0fbcc0                    Options.max_compaction_bytes: 1677721600
2024/04/25-13:05:58.392576 7f135b0fbcc0                        Options.arena_block_size: 8388608
2024/04/25-13:05:58.392577 7f135b0fbcc0   Options.soft_pending_compaction_bytes_limit: 68719476736
2024/04/25-13:05:58.392578 7f135b0fbcc0   Options.hard_pending_compaction_bytes_limit: 274877906944
2024/04/25-13:05:58.392578 7f135b0fbcc0       Options.rate_limit_delay_max_milliseconds: 100
2024/04/25-13:05:58.392579 7f135b0fbcc0                Options.disable_auto_compactions: 1
2024/04/25-13:05:58.392580 7f135b0fbcc0                        Options.compaction_style: kCompactionStyleLevel
2024/04/25-13:05:58.392580 7f135b0fbcc0                          Options.compaction_pri: kMinOverlappingRatio
2024/04/25-13:05:58.392581 7f135b0fbcc0 Options.compaction_options_universal.size_ratio: 1
2024/04/25-13:05:58.392581 7f135b0fbcc0 Options.compaction_options_universal.min_merge_width: 2
2024/04/25-13:05:58.392582 7f135b0fbcc0 Options.compaction_options_universal.max_merge_width: 4294967295
2024/04/25-13:05:58.392582 7f135b0fbcc0 Options.compaction_options_universal.max_size_amplification_percent: 200
2024/04/25-13:05:58.392583 7f135b0fbcc0 Options.compaction_options_universal.compression_size_percent: -1
2024/04/25-13:05:58.392584 7f135b0fbcc0 Options.compaction_options_universal.stop_style: kCompactionStopStyleTotalSize
2024/04/25-13:05:58.392584 7f135b0fbcc0 Options.compaction_options_fifo.max_table_files_size: 1073741824
2024/04/25-13:05:58.392585 7f135b0fbcc0 Options.compaction_options_fifo.allow_compaction: 0
2024/04/25-13:05:58.392586 7f135b0fbcc0                   Options.table_properties_collectors: 
2024/04/25-13:05:58.392586 7f135b0fbcc0                   Options.inplace_update_support: 0
2024/04/25-13:05:58.392587 7f135b0fbcc0                 Options.inplace_update_num_locks: 10000
2024/04/25-13:05:58.392587 7f135b0fbcc0               Options.memtable_prefix_bloom_size_ratio: 0.000000
2024/04/25-13:05:58.392588 7f135b0fbcc0               Options.memtable_whole_key_filtering: 0
2024/04/25-13:05:58.392589 7f135b0fbcc0   Options.memtable_huge_page_size: 0
2024/04/25-13:05:58.392589 7f135b0fbcc0                           Options.bloom_locality: 0
2024/04/25-13:05:58.392590 7f135b0fbcc0                    Options.max_successive_merges: 0
2024/04/25-13:05:58.392590 7f135b0fbcc0                Options.optimize_filters_for_hits: 0
2024/04/25-13:05:58.392591 7f135b0fbcc0                Options.paranoid_file_checks: 0
2024/04/25-13:05:58.392592 7f135b0fbcc0                Options.force_consistency_checks: 1
2024/04/25-13:05:58.392592 7f135b0fbcc0                Options.report_bg_io_stats: 0
2024/04/25-13:05:58.392593 7f135b0fbcc0                               Options.ttl: 2592000
2024/04/25-13:05:58.392593 7f135b0fbcc0          Options.periodic_compaction_seconds: 2592000
2024/04/25-13:05:58.392594 7f135b0fbcc0                    Options.enable_blob_files: false
2024/04/25-13:05:58.392594 7f135b0fbcc0                        Options.min_blob_size: 0
2024/04/25-13:05:58.392595 7f135b0fbcc0                       Options.blob_file_size: 268435456
2024/04/25-13:05:58.392595 7f135b0fbcc0                Options.blob_compression_type: NoCompression
2024/04/25-13:05:58.392596 7f135b0fbcc0       Options.enable_blob_garbage_collection: false
2024/04/25-13:05:58.392597 7f135b0fbcc0   Options.blob_garbage_collection_age_cutoff: 0.250000
2024/04/25-13:05:58.392623 7f135b0fbcc0 [db/column_family.cc:595] --------------- Options for column family [NZ]:
2024/04/25-13:05:58.392624 7f135b0fbcc0               Options.comparator: leveldb.BytewiseComparator
2024/04/25-13:05:58.392624 7f135b0fbcc0           Options.merge_operator: None
2024/04/25-13:05:58.392625 7f135b0fbcc0        Options.compaction_filter: filter_outdated
2024/04/25-13:05:58.392631 7f135b0fbcc0        Options.compaction_filter_factory: None
2024/04/25-13:05:58.392632 7f135b0fbcc0  Options.sst_partitioner_factory: None
2024/04/25-13:05:58.392632 7f135b0fbcc0         Options.memtable_factory: SkipListFactory
2024/04/25-13:05:58.392633 7f135b0fbcc0            Options.table_factory: BlockBasedTable
2024/04/25-13:05:58.392644 7f135b0fbcc0            table_factory options:   flush_block_policy_factory: FlushBlockBySizePolicyFactory (0x5599f5bf3da0)
  cache_index_and_filter_blocks: 0
  cache_index_and_filter_blocks_with_high_priority: 1
  pin_l0_filter_and_index_blocks_in_cache: 0
  pin_top_level_index_and_filter: 1
  index_type: 0
  data_block_index_type: 0
  index_shortening: 1
  data_block_hash_table_util_ratio: 0.750000
  hash_index_allow_collision: 1
  checksum: 1
  no_block_cache: 0
  block_cache: 0x5599f5bf3df0
  block_cache_name: LRUCache
  block_cache_options:
    capacity : 8388608
    num_shard_bits : 4
    strict_capacity_limit : 0
    memory_allocator : None
    high_pri_pool_ratio: 0.000
  block_cache_compressed: (nil)
  persistent_cache: (nil)
  block_size: 4096
  block_size_deviation: 10
  block_restart_interval: 16
  index_block_restart_interval: 1
  metadata_block_size: 4096
  partition_filters: 0
  use_delta_encoding: 1
  filter_policy: nullptr
  whole_key_filtering: 1
  verify_compression: 0
  read_amp_bytes_per_bit: 0
  format_version: 4
  enable_index_compression: 1
  block_align: 0
2024/04/25-13:05:58.392648 7f135b0fbcc0        Options.write_buffer_size: 67108864
2024/04/25-13:05:58.392649 7f135b0fbcc0  Options.max_write_buffer_number: 2
2024/04/25-13:05:58.392650 7f135b0fbcc0          Options.compression: NoCompression
2024/04/25-13:05:58.392650 7f135b0fbcc0                  Options.bottommost_compression: Disabled
2024/04/25-13:05:58.392651 7f135b0fbcc0       Options.prefix_extractor: nullptr
2024/04/25-13:05:58.392651 7f135b0fbcc0   Options.memtable_insert_with_hint_prefix_extractor: nullptr
2024/04/25-13:05:58.392652 7f135b0fbcc0             Options.num_levels: 7
2024/04/25-13:05:58.392653 7f135b0fbcc0        Options.min_write_buffer_number_to_merge: 1
2024/04/25-13:05:58.392653 7f135b0fbcc0     Options.max_write_buffer_number_to_maintain: 0
2024/04/25-13:05:58.392654 7f135b0fbcc0     Options.max_write_buffer_size_to_maintain: 0
2024/04/25-13:05:58.392654 7f135b0fbcc0            Options.bottommost_compression_opts.window_bits: -14
2024/04/25-13:05:58.392655 7f135b0fbcc0                  Options.bottommost_compression_opts.level: 32767
2024/04/25-13:05:58.392656 7f135b0fbcc0               Options.bottommost_compression_opts.strategy: 0
2024/04/25-13:05:58.392656 7f135b0fbcc0         Options.bottommost_compression_opts.max_dict_bytes: 0
2024/04/25-13:05:58.392657 7f135b0fbcc0         Options.bottommost_compression_opts.zstd_max_train_bytes: 0
2024/04/25-13:05:58.392657 7f135b0fbcc0         Options.bottommost_compression_opts.parallel_threads: 1
